537.615
478.545
638.816
465.162
461.994
711.989
525.649
546.791
696.465
355.272
592.483
624.03
542.629
533.947
690.979
561.42
524.929
539.139
679.417
611.393
651.486
619.312
578.873
503.192
646.301
476.685
577.99
647.288
535.318
484.025
602.536
490.695
537.534
594.12
440.148
522.112
579.83
508.956
673.767
494.181
583.101
499.341
428.863
330.302
525.2
592.726
678.642
534.759
646.143
663.072
341.989
598.329
521.969
519.214
493.998
561.807
593.14
465.154
551.428
542.987
474.546
682.238
515.024
380.24
544.935
626.611
595.819
439.701
464.651
353.83
507.997
653.866
593.478
547.528
712.325
604.945
408.892
430.706
745.509
697.446
611.67
504.33
286.321
513.124
565.312
638.864
508.052
548.728
392.087
612.654
656.531
502.133
501.11
578.797
569.353
656.893
461.836
678.125
605.528
532.279
